0 0 1 .75 .75 .75 1 0 0
1 0 1 .75 .75 .75 1 0 1
1 1 1 .75 .75 .75 1 1 1
0 0 1 .75 .75 .75 1 0 0
1 1 1 .75 .75 .75 1 1 1
0 1 1 .75 .75 .75 1 1 0
0 0 0 .75 .75 .75 1 0 0
1 0 0 .75 .75 .75 1 0 1
1 1 0 .75 .75 .75 1 1 1
0 0 0 .75 .75 .75 1 0 0
1 1 0 .75 .75 .75 1 1 1
0 1 0 .75 .75 .75 1 1 0
0 0 0 .5 .5 .5 1 0 0
0 0 1 .5 .5 .5 1 0 1
0 1 1 .5 .5 .5 1 1 1
0 0 0 .5 .5 .5 1 0 0
0 1 1 .5 .5 .5 1 1 1
0 1 0 .5 .5 .5 1 1 0
1 0 0 1 1 1 1 0 0
1 0 1 1 1 1 1 0 1
1 1 1 1 1 1 1 1 1
1 0 0 1 1 1 1 0 0
1 1 1 1 1 1 1 1 1
1 1 0 1 1 1 1 1 0
0 1 1 1 1 1 1 0 0
1 1 1 1 1 1 1 0 1
1 1 0 1 1 1 1 1 1
0 1 1 1 1 1 1 0 0
1 1 0 1 1 1 1 1 1
0 1 0 1 1 1 1 1 0
0 0 1 .5 .5 .5 1 0 0
1 0 1 .5 .5 .5 1 0 1
1 0 0 .5 .5 .5 1 1 1
0 0 1 .5 .5 .5 1 0 0
1 0 0 .5 .5 .5 1 1 1
0 0 0 .5 .5 .5 1 1 0