-.25  0 -.25 255 255 255 255 0 1 0 1
.25 .4 -.25 255 255 255 255 1 0 1 0
-.25 .4 -.25 255 255 255 255 0 0 0 0
.25 .4 -.25 255 255 255 255 1 0 1 0
-.25  0 -.25 255 255 255 255 0 1 0 1
.25 .0 -.25 255 255 255 255 1 1 1 1

-.25 .4 -.25 255 255 255 255 0 1 0 1
0   .65 -.25 255 255 255 255 .5 .5 .5 .5
.25 .4 -.25 255 255 255 255 1 1 1 1

-.25  0 .25 255 255 255 255 0 1 0 1
.25 .4 .25 255 255 255 255 1 0 1 0
-.25 .4 .25 255 255 255 255 0 0 0 0
.25 .4 .25 255 255 255 255 1 0 1 0
-.25  0 .25 255 255 255 255 0 1 0 1
.25 .0 .25 255 255 255 255 1 1 1 1

.25  0 -.25 255 255 255 255 0 1 0 1
.25 .4 .25 255 255 255 255 1 0 1 0
.25 .4 -.25 255 255 255 255 0 0 0 0
.25 .4 .25 255 255 255 255 1 0 1 0
.25  0 -.25 255 255 255 255 0 1 0 1
.25 .0 .25 255 255 255 255 1 1 1 1

-.25  0 -.25 255 255 255 255 0 1 0 1
-.25 .4 .25 255 255 255 255 1 0 1 0
-.25 .4 -.25 255 255 255 255 0 0 0 0
-.25 .4 .25 255 255 255 255 1 0 1 0
-.25  0 -.25 255 255 255 255 0 1 0 1
-.25 .0 .25 255 255 255 255 1 1 1 1

-.25 .4 .25 255 255 255 255 0 1 0 1
0   .65 .25 255 255 255 255 .5 .5 .5 .5
.25 .4 .25 255 255 255 255 1 1 1 1

.25 .4 -.35 255 255 255 255 0 2 0 2
.0 .65 .35 255 255 255 255 2 0 2 0
.0 .65 -.35 255 255 255 255 0 0 0 0
.0 .65 .35 255 255 255 255 2 0 2 0
.25 .4 -.35 255 255 255 255 0 2 0 2
.25 .4 .35 255 255 255 255 2 2 2 2

-.25 .4 -.35 255 255 255 255 0 2 0 2
.0 .65 .35 255 255 255 255 2 0 2 0
.0 .65 -.35 255 255 255 255 0 0 0 0
.0 .65 .35 255 255 255 255 2 0 2 0
-.25 .4 -.35 255 255 255 255 0 2 0 2
-.25 .4 .35 255 255 255 255 2 2 2 2