0.000000 0.433013 0.250000 255 255 255 255 0.000000 0.937500 0 0
0.176777 0.433013 0.176777 255 255 255 255 0.662913 0.662913 0 0
0.250000 0.433013 0.000000 255 255 255 255 0.937500 -0.000000 0 0
0.176777 0.433013 -0.176777 255 255 255 255 0.662913 -0.662913 0 0
0.000000 0.433013 -0.250000 255 255 255 255 -0.000000 -0.937500 0 0
-0.176777 0.433013 -0.176777 255 255 255 255 -0.662913 -0.662912 0 0
-0.250000 0.433013 0.000000 255 255 255 255 -0.937500 0.000000 0 0
-0.176777 0.433013 0.176777 255 255 255 255 -0.662912 0.662913 0 0
0.000000 0.433013 0.250000 255 255 255 255 0.000000 0.937500 0 0
0.000000 0.250000 0.433013 255 255 255 255 0.000000 0.937500 0 0
0.306186 0.250000 0.306186 255 255 255 255 0.662913 0.662913 0 0
0.433013 0.250000 -0.000000 255 255 255 255 0.937500 -0.000000 0 0
0.306186 0.250000 -0.306186 255 255 255 255 0.662913 -0.662913 0 0
-0.000000 0.250000 -0.433013 255 255 255 255 -0.000000 -0.937500 0 0
-0.306186 0.250000 -0.306186 255 255 255 255 -0.662913 -0.662912 0 0
-0.433013 0.250000 0.000000 255 255 255 255 -0.937500 0.000000 0 0
-0.306186 0.250000 0.306186 255 255 255 255 -0.662912 0.662913 0 0
0.000000 0.250000 0.433013 255 255 255 255 0.000000 0.937500 0 0
0.000000 -0.000000 0.500000 255 255 255 255 0.000000 0.937500 0 0
0.353553 -0.000000 0.353553 255 255 255 255 0.662913 0.662913 0 0
0.500000 -0.000000 -0.000000 255 255 255 255 0.937500 -0.000000 0 0
0.353553 -0.000000 -0.353553 255 255 255 255 0.662913 -0.662913 0 0
-0.000000 -0.000000 -0.500000 255 255 255 255 -0.000000 -0.937500 0 0
-0.353553 -0.000000 -0.353553 255 255 255 255 -0.662913 -0.662912 0 0
-0.500000 -0.000000 0.000000 255 255 255 255 -0.937500 0.000000 0 0
-0.353553 -0.000000 0.353554 255 255 255 255 -0.662912 0.662913 0 0
0.000000 -0.000000 0.500000 255 255 255 255 0.000000 0.937500 0 0
0.000000 -0.250000 0.433013 255 255 255 255 0.000000 0.937500 0 0
0.306186 -0.250000 0.306186 255 255 255 255 0.662913 0.662913 0 0
0.433013 -0.250000 -0.000000 255 255 255 255 0.937500 -0.000000 0 0
0.306186 -0.250000 -0.306186 255 255 255 255 0.662913 -0.662913 0 0
-0.000000 -0.250000 -0.433013 255 255 255 255 -0.000000 -0.937500 0 0
-0.306186 -0.250000 -0.306186 255 255 255 255 -0.662913 -0.662912 0 0
-0.433013 -0.250000 0.000000 255 255 255 255 -0.937500 0.000000 0 0
-0.306186 -0.250000 0.306186 255 255 255 255 -0.662912 0.662913 0 0
0.000000 -0.250000 0.433013 255 255 255 255 0.000000 0.937500 0 0
0.000000 -0.433013 0.250000 255 255 255 255 0.000000 0.937500 0 0
0.176777 -0.433013 0.176777 255 255 255 255 0.662913 0.662913 0 0
0.250000 -0.433013 -0.000000 255 255 255 255 0.937500 -0.000000 0 0
0.176777 -0.433013 -0.176777 255 255 255 255 0.662913 -0.662913 0 0
-0.000000 -0.433013 -0.250000 255 255 255 255 -0.000000 -0.937500 0 0
-0.176777 -0.433013 -0.176777 255 255 255 255 -0.662913 -0.662912 0 0
-0.250000 -0.433013 0.000000 255 255 255 255 -0.937500 0.000000 0 0
-0.176777 -0.433013 0.176777 255 255 255 255 -0.662912 0.662913 0 0
0.000000 -0.433013 0.250000 255 255 255 255 0.000000 0.937500 0 0