     0      0      0      0      0      0      0      0      0      0      0      0      0      0      0      0      0      0      0      0      0      0      0      0      0      0      0      0      0      0      0      0      0      0      0      0      0      0      0      0      0      0      0      0      0      0      0      0      0      0      0      0      0      0      0      0      0      0      0      0      0      0      0      0      0      0 
     0    0.8      1      1      1      1      1      1      1      1   0.86   0.39      0      0      0      0      0   0.19   0.44    0.5      1      1      1      1   0.74      0      0      0      0      0      0      0      0      0      0      0      0      0      0      0      0      0      0      0      0      0      0      0      0      0      0      0      0      0      0    0.6   0.56   0.45   0.33   0.12      0      0      0      0      0      0 
     0   0.83    1.5    1.9    2.2    2.3    2.4      2    1.2   0.98    1.3    1.7    1.1   0.88    1.3  0.045   0.91    1.3   0.56   0.64    1.4    1.7    1.7    1.4   0.97      0      0      0      0      0      0      0      0      0      0      0      0      0      0      0      0      0      0      0      0      0      0      0      0  0.022      0      0      0   0.46    1.5    1.8    1.8    1.7    1.6    1.3   0.86      0      0      0      0      0 
     0   0.46    1.4    1.8    2.2    2.4    2.4    2.1    1.6    2.1    2.1    1.8    1.6    2.2    2.7    1.8    2.9    3.3      4      4    3.1    3.3    3.2    2.3    1.8      0      0      0      0   0.32    0.2      0      0      0      0      0      0      0      0      0      0      0      0      0      0  0.031  0.044      0      0    0.7   0.75   0.56    1.8    2.2      2    2.3    2.2    2.1      2    1.7    1.1   0.35  0.034      0      0      0 
     0   0.45   0.76    1.5      2    2.2    2.2      2    2.3    2.1    1.8      2    2.6    2.7    3.1    3.1    3.6    4.8    5.1    5.2      5    3.7    3.6    3.1    1.9   0.19      0   0.16   0.74    1.2   0.65   0.28   0.19      0      0      0      0      0      0      0      0      0      0  0.054  0.082   0.23   0.24  0.059   0.39   0.71   0.88    1.5    2.4    2.8    2.9    2.5    2.5    2.3    2.2    1.9    1.1   0.82   0.53  0.076      0      0 
     0   0.31   0.67   0.99    1.5    1.9    1.9    1.7    2.1    1.7    1.8    2.8      3    2.9    3.6    3.6    4.6    5.4    5.7    5.8    5.3    4.4    3.5    3.2    2.2   0.35      0   0.18   0.76   0.99    1.1    1.3    1.2   0.38      0  0.032  0.052      0      0      0      0   0.13   0.26   0.72   0.19   0.91   0.96    1.4    1.4   0.78   0.67    2.2    2.6    3.1    3.2    3.1    2.5    2.2    2.1    1.5    1.4    1.1   0.86   0.45      0      0 
     0      0   0.45   0.86   0.89   0.98   0.94    1.4    1.7    1.6    2.4      3      3    2.8    2.9    4.3    4.4    5.6    5.9      6    5.6    4.6    3.5    2.8    1.3   0.34  0.026   0.44    1.1   0.82   0.97    1.5    1.3   0.51  0.027   0.35   0.57   0.26   0.24      0   0.14   0.36   0.45   0.97    1.4    1.1    1.1    1.7    1.7   0.97    1.3    1.9    2.5      3    3.2    3.1    2.2    1.7    1.7    1.7    1.6    1.3    1.1   0.68      0      0 
     0      0  0.029   0.62   0.63   0.75    0.7    1.4    1.5    1.2    2.2    2.9    2.7    2.2    2.9    3.7    4.4    5.1    5.6    5.8    5.5    4.5    2.5    1.1    1.1   0.16      0   0.57   0.23   0.75    1.1    1.1   0.63   0.71    0.5   0.75   0.92   0.71   0.67   0.32   0.24   0.46   0.52   0.97    1.7    1.6    1.1    1.8    1.7   0.93    1.5      2      2    2.3    2.5    2.4    1.8    1.8    1.8    1.8    2.5    2.6    2.1      1      0      0 
     0      0      0   0.21    0.2   0.39   0.34    1.1      1   0.66    1.4    2.4      2    2.1    2.4    3.6    4.1    4.8    5.1      5    4.6    3.7    1.8   0.74   0.35      0      0   0.19      0   0.65      1   0.91   0.28    0.8   0.81      1    1.1      1   0.95   0.67   0.19   0.45   0.48   0.44    1.5    1.5    1.3    2.1    1.9    1.2    1.9    1.5      2    2.3    2.5    2.4    1.8    1.9    1.9    2.6    2.9    2.7    2.4      1      0      0 
     0      0      0      0      0      0      0   0.58   0.18    0.2   0.59    1.3    1.3    1.5    2.3    3.6      4    4.3    4.3    4.2    3.8    3.2    1.8   0.68   0.25      0   0.27   0.44      0   0.11   0.38   0.35      0    0.7      1    1.2    1.3    1.2    1.1   0.88   0.33   0.29   0.31   0.34   0.73   0.87   0.87    1.6    1.1   0.69    1.1    1.3    1.8    2.1    2.4    2.2    1.8    1.9    2.6    2.9      3    2.9    2.6      1      0      0 
     0      0      0      0      0      0      0      0      0      0    0.5   0.96    1.3    1.4    2.1    3.3    3.8    4.1    4.2      4    3.7    3.1    1.6   0.53      0      0    0.5    0.5      0      0      0      0      0   0.79    1.1    1.3    1.3    1.3    1.2   0.99   0.54      0      0  0.073   0.24   0.12      0      0   0.19  0.028   0.66      1    1.5    1.8    2.1    1.6    1.8    2.5    2.8      3    3.1    2.9    2.6      1      0      0 
     0      0      0      0      0      0      0      0      0      0   0.29    0.8    1.1    1.3    1.5    2.9    3.4    3.8    3.8    3.6    3.3    2.9    1.2   0.23      0   0.12      1   0.79      0      0      0      0      0   0.77    1.1    1.3    1.3    1.3    1.2      1   0.61      0      0      0      0      0      0      0      0      0      0   0.42   0.97    1.2    1.2    1.4    1.6    2.5    2.8      3      3    2.8    2.5      1      0      0 
     0      0      0      0      0      0      0      0      0   0.11   0.72    1.4    1.8    1.9    1.3    1.6    2.7    3.2    3.3      3    2.7    1.9   0.32      0   0.73   0.77    1.5    1.2    1.8    1.4    1.5   0.72   0.76    1.4    1.8    1.2    1.2    1.3    1.2   0.94   0.58      0      0      0      0      0      0      0      0      0      0      0   0.76    1.5    1.9    2.1    2.3    3.3    2.7    2.8    2.7    2.6    2.3      1      0      0 
     0      0      0      0      0      0      0      0      0    0.2   0.59    1.3    1.7    1.9    1.8    1.1    1.7    2.2    2.4    2.1    1.7   0.53   0.21   0.15   0.81   0.92    1.6    1.9    2.3      2    2.1    1.9    1.9    1.3    1.9    1.7    1.1    1.1      1   0.79   0.44      0      0      0      0      0      0      0      0      0      0      0   0.28    1.3    1.9    2.1    2.4    3.3    3.3    3.3    2.4    2.2    1.9   0.92      0      0 
     0      0      0      0      0      0      0      0      0 0.0022    1.5    2.4    3.2    3.4    3.5    3.2    2.4    1.8   0.86    0.3      0      0   0.29   0.21   0.49   0.71    1.6    2.2    2.4    2.4    2.4    2.3    2.3    1.9    1.7    1.7    1.6    0.9   0.76   0.53   0.18      0      0      0      0      0      0      0      0      0      0      0    0.1   0.69    1.6    1.8    2.1    3.1    3.2    3.2    2.6    1.6    1.1      0      0      0 
     0      0      0      0      0      0   0.17    0.1   0.35   0.43    2.4    2.8    3.1    3.2    3.6    3.5    3.1    1.7      1      0      0      0   0.14      0      0      1    2.5    3.1    3.1    3.5    3.5    3.4    2.5    2.2      1    1.3      1   0.54   0.39   0.14      0      0      0      0      0      0      0      0      0      0      0      0      0   0.52   0.55   0.82    1.6    2.5    2.7    2.6    1.9   0.37      0      0      0      0 
     0      0      0      0      0   0.68   0.94    1.7    1.8      2    2.2    2.5    3.2    3.4    3.2    2.9    2.3   0.52    0.2      0      0      0      0   0.38   0.61      1    1.9    2.8    3.4    3.8    3.9    3.8    3.4    3.1    1.6   0.69   0.25      0      0      0      0      0      0      0      0      0      0      0      0      0      0      0      0      0      0   0.48   0.68   0.98    1.4    1.3   0.44  0.079      0      0      0      0 
     0      0      0      0  0.081    1.8    2.1    3.1    3.8    3.5    3.4    3.6    2.9    2.8      3    2.8    2.4   0.85   0.56      0      0      0   0.27   0.77   0.99    1.3    2.2    2.8    3.3    3.9      4      4    3.7    3.3    2.4   0.49 0.00076      0      0      0      0      0      0      0      0      0      0      0      0      0      0      0      0      0      0      0      0      0    0.3   0.46   0.31    0.1      0      0      0      0 
     0      0      0      0   0.91    2.1      3    3.6    4.5    4.1      4    4.1    3.9      3    3.3    3.1    2.6    1.1   0.78   0.29   0.36      0   0.56      1    1.2    1.5    2.3    2.7    2.8    3.8    3.8    3.9    3.6    3.3    2.4   0.76   0.18      0      0      0      0      0      0      0      0      0      0      0      0      0   0.29   0.46   0.55   0.58   0.55   0.86   0.84   0.77   0.64    1.1   0.93   0.86      0      0      0      0 
     0      0      0      0    1.1      2    3.3    3.8    4.7    4.3    4.3    4.4    4.2    3.8    3.3    3.2    2.5    1.2   0.91   0.45   0.66      0    0.7    1.1    1.4    1.6    2.2    2.7    2.9      3      3    3.5    3.3    2.9    2.6   0.99      0      0      0      0      0      0      0      0      0      0      0      0      0  0.036   0.48   0.65   0.76    1.6    2.3    2.4    1.9    1.8    1.7   0.82   0.57   0.77      0      0      0      0 
     0      0      0  0.062      1    1.6    3.1    3.7    4.5    4.1    4.4    4.5    4.4      4    3.6    2.7    2.1    1.2   0.95   0.51   0.72  0.068   0.74    1.2    1.4    1.7    1.8    2.5    2.7    2.9    3.3    3.3    2.9    2.4    2.1   0.36      0      0      0      0      0      0      0      0      0      0      0      0      0   0.11   0.53   0.71    1.6    2.6    2.9      3    2.4    2.3    2.2    1.7   0.74   0.38      0      0      0      0 
     0      0      0  0.046   0.63    1.4    2.5    2.8    3.4      4    4.4    4.5    4.4      4    3.6    2.5    1.7    1.2   0.91   0.47   0.57  0.048   0.68    1.6    1.9    2.2    2.3    2.3    2.3    2.7    3.2    3.2    2.8    2.2    1.8      0      0      0      0      0      0      0      0      0      0      0      0      0      0  0.025   0.47   0.66    2.4      3    3.2    3.3    2.6    2.5    2.4    1.9    1.3    1.3   0.27    0.2      0      0 
     0      0      0      0   0.14   0.87    1.8      2    3.1    3.8    4.1    4.2    4.2    3.8    3.4    2.2    1.3    1.1   0.78   0.32   0.14      0   0.52    1.6      2    2.2    2.4    2.3    1.8    2.1    2.8    2.9    2.4    1.6   0.93      0      0      0      0      0      0      0      0      0      0      0      0      0      0      0   0.29    1.2    2.6    3.1    3.3    3.3    2.7    2.6    2.5      2    2.2    1.9    1.3      1      0      0 
     0      0      0      0      0      0      1    1.5    2.4    3.4    3.7    3.8    3.8    3.3    2.9    1.4    1.2    0.9   0.55  0.053      0      0   0.23    1.4    1.8    2.1    2.3    2.2    1.6    1.5    1.7    1.8    1.4    0.7      0      0      0      0      0      0      0      0      0      0      0      0      0      0      0      0      0    1.1    2.4      3      3      3    2.7    2.5    2.4    2.6    2.3    1.7    1.7      1      0      0 
     0      0      0      0      0      0   0.43   0.61    1.5    2.7    3.1    3.1      3    2.4      2    1.1   0.87   0.58   0.18      0      0      0      0   0.88    1.5    1.8      2    1.8    1.4    1.3      1    1.3   0.78      0      0      0      0      0      0      0      0   0.26   0.55   0.56      0      0      0      0      0      0      0   0.69    2.1    2.6    2.3    2.5    2.5    2.3    2.8    2.5    1.8    1.8    1.9      1      0      0 
     0      0      0      0      0      0      0   0.22   0.65      1    1.6    2.2    2.5    2.5    2.1    1.2   0.45  0.067      0      0      0      0      0   0.05   0.82    1.3    1.4    1.1    1.1    1.7    1.4    1.2   0.35  0.039      0      0      0      0      0  0.018   0.17   0.23   0.67    0.7   0.29      0      0      0      0      0      0      0   0.97    1.6      2    2.4    2.2    1.9    2.5    1.9    1.8    1.7    1.9      1      0      0 
     0      0      0      0      0      0      0      0   0.15   0.69   0.64    1.2    1.9      2    1.4   0.77      0      0      0      0      0      0      0      0      0    0.1   0.49   0.63    1.3    1.4   0.66   0.53   0.48  0.089      0      0      0      0      0   0.12   0.31   0.39   0.39   0.28  0.015      0      0      0      0      0      0      0      0      1    1.4    1.6    1.5   0.87    1.6    1.8    1.3    1.3    1.8      1      0      0 
     0      0      0      0      0      0      0      0      0    0.2   0.11   0.69   0.91    0.7      0      0      0      0      0      0      0      0      0      0      0      0      0  0.089   0.46   0.66   0.63   0.47   0.44      0      0      0      0      0      0   0.11   0.34   0.44   0.43    0.3  0.036      0      0      0      0      0      0      0      0      0      0   0.37   0.56   0.55    1.1    1.1    1.2    1.3    1.3      1      0      0 
     0      0      0      0      0      0      0      0      0      0      0      0  0.097      0      0      0      0      0      0      0      0      0      0      0      0      0      0  0.011   0.34   0.51   0.46   0.82   0.85   0.03      0      0      0      0      0      0   0.27   0.39   0.37    0.2      0      0      0      0      0      0      0      0      0      0      0      0      0      0   0.64    1.4    1.5    1.5    1.1   0.91      0      0 
     0      0      0      0      0      0      0      0      0      0      0      0      0      0      0      0      0      0      0      0      0      0      0      0      0      0      0   0.59   0.94    1.8    2.2    1.8      1      1   0.22  0.051      0      0      0      0  0.065   0.22   0.19      0      0      0      0      0      0      0      0      0      0      0      0      0      0      0   0.37    1.2    1.4    1.3   0.93   0.62      0      0 
     0      0      0      0      0      0      0      0      0      0      0      0      0      0      0      0      0      0      0      0      0      0      0      0      0      0      0      0   0.95    1.4    2.2    2.4    2.2    1.3   0.97   0.11      0      0      0      0   0.42    0.6      0      0      0      0      0      0      0      0      0      0      0      0  0.045  0.036      0      0      0   0.73   0.99   0.76    0.6   0.13      0      0 
     0      0      0      0      0      0      0      0      0      0      0      0      0      0      0      0      0      0      0      0      0      0      0      0      0      0      0   0.66    1.3    1.7    2.5    3.3    3.2    2.9    1.8    1.2   0.33      0      0      0      0      0      0      0      0      0      0      0      0      0      0      0      0      0   0.02   0.81   0.76   0.14   0.19    0.8   0.94   0.73  0.091      0      0      0 
     0      0      0      0      0      0      0      0      0      0      0      0      0      0      0      0      0      0      0      0      0      0      0      0      0      0      0   0.72    1.4    1.7      3    3.6    3.6    3.3    2.6    1.9   0.83      0      0      0   0.12   0.34   0.13      0      0      0      0      0   0.51   0.56   0.59   0.58   0.55   0.49      1   0.45   0.87  0.091   0.16  0.091   0.42      0      0      0      0      0 
     0      0      0      0      0      0      0      0      0      0      0      0      0      0      0      0      0      0      0      0      0      0      0      0      0      0      0   0.38    1.3    1.6    2.9    3.4    3.6    3.3    2.6    1.7   0.56      0      0      0      0      0      0      0      0      0      0   0.52    1.3    1.4    1.4      1   0.98    1.6    1.8    1.6   0.55  0.045      0      0      0      0      0      0      0      0 
     0      0      0      0      0      0      0      0      0      0      0      0      0      0      0      0      0      0      0      0      0      0      0      0      0      0      0   0.39   0.66    1.3    2.4    2.7    3.2    2.9    2.2   0.77      0      0      0      0      0      0      0      0      0      0   0.37   0.86    1.6    1.8    1.7    1.3    1.9    2.1    2.2      2    1.5   0.38      0      0      0      0      0      0      0      0 
     0      0      0      0      0      0      0      0      0      0      0      0      0      0      0      0      0      0      0      0      0      0      0      0      0      0      0   0.26   0.58   0.66    1.8    2.2    2.2    1.9    1.1  0.011      0      0      0      0      0      0      0      0      0   0.15   0.66    1.1    1.6    1.9    1.8    1.5    2.2    2.4    2.5    2.3    1.9    1.2      0      0      0      0      0      0      0      0 
     0      0      0      0      0      0      0      0      0      0      0      0      0      0      0      0      0      0      0      0      0      0      0      0      0      0      0      0   0.36   0.44   0.85    1.1    1.1   0.78   0.27      0      0      0      0      0      0      0      0      0      0   0.32   0.82    1.2    1.4    1.6    1.6    1.6    2.4    3.2    3.3    3.1    2.7      2      0      0      0      0      0      0      0      0 
     0      0      0      0      0      0      0      0      0      0      0      0      0      0      0      0      0      0      0      0      0      0      0      0      0      0      0      0      0      0   0.21   0.15   0.52  0.041      0      0      0      0      0      0      0      0      0      0      0   0.35   0.87    1.2    1.4    1.6    1.6    1.6      3    3.4    3.5    3.3    2.9    2.3   0.23      0      0      0      0      0      0      0 
     0      0      0      0      0      0      0      0      0      0      0      0      0      0      0      0      0      0      0      0      0      0      0      0      0      0      0      0      0      0      0      0      0      0      0      0      0      0      0      0      0      0      0      0      0   0.26   0.83    1.1    1.4    1.5    1.6    1.6      3    3.4    3.5    3.2    2.9    2.2   0.34      0      0      0      0      0      0      0 
     0      0      0      0      0      0      0      0      0      0      0      0      0      0      0      0      0      0      0      0      0      0      0      0      0      0      0      0      0      0      0      0      0      0      0      0      0      0   0.15   0.14      0      0      0      0      0  0.047    1.6    1.9    2.2    2.4    2.5    2.4    3.6    3.2    3.3      3    2.6    1.9    0.3      0      0      0      0      0      0      0 
     0      0      0      0      0      0      0      0      0      0      0      0      0      0      0      0      0      0      0      0      0      0      0      0      0      0      0      0      0      0      0      0      0      0      0      0      0  0.039   0.46   0.45  0.051      0      0      0      0   0.54    1.7      2    2.3    2.5    2.6    2.6    3.3    3.6    3.7    2.5      2   0.96   0.12      0      0   0.11  0.033      0      0      0 
     0      0      0      0      0      0      0      0      0      0      0      0      0      0      0      0      0      0      0      0      0      0      0      0      0      0      0      0      0      0      0      0      0      0      0      0  0.053   0.16   0.45   0.48  0.046      0      0      0      0  0.095    1.6    1.9    2.2    2.5    2.6    2.6    2.7    3.1    3.3    2.4      1   0.26      0      0  0.067   0.18   0.13      0      0      0 
     0      0      0      0      0      0      0      0      0      0   0.19      0      0      0      0      0      0      0      0      0      0      0      0      0      0      0      0      0      0      0      0      0      0      0      0   0.33   0.58   0.69   0.62  0.018      0      0      0      0   0.15   0.27    2.4    2.8    3.1    3.1    3.2    2.3    2.1    1.5    2.3    1.3   0.94      0      0   0.62   0.79  0.012      0      0      0      0 
     0      0      0      0      0      0      0      0   0.93    1.3    1.5    1.2    1.1    1.1    1.1   0.97   0.56      0      0      0      0      0      0      0      0      0      0      0      0      0      0      0      0      0      0   0.28   0.57   0.71   0.59      0      0      0      0      0   0.57   0.72    1.3    2.1    2.8    2.9    3.1    2.7    1.6   0.56   0.12    0.4   0.14      0   0.49   0.77   0.75    0.1      0  0.077      0      0 
     0      0      0      0      0   0.21      0   0.23    1.8    2.5    2.6      3      3    1.6    1.6    1.5    1.1   0.28      0      0      0      0      0      0      0      0      0      0      0      0      0      0      0      0      0      0   0.29   0.48    0.3      0      0      0      0   0.34   0.83      1    1.5    1.7    1.6    1.9      2    1.8    1.3   0.21  0.057   0.12      0      0      0   0.22   0.41   0.38    0.7    0.3      0      0 
     0      0      0      0      0      0      0   0.66      2    2.6    3.4    3.8    3.7    3.2    1.9    1.7    1.4    0.7      0      0      0      0      0      0      0      0      0      0      0      0      0      0      0      0      0      0      0      0      0      0      0      0   0.85    1.5    1.9    2.1    2.3    1.5    1.5    1.5    1.4    1.1    0.8    0.3   0.23   0.25  0.048      0  0.081   0.37   0.52   0.51   0.86   0.39      0      0 
     0      0      0      0   0.92   0.95   0.46    1.9    3.2    3.8    4.7    4.2    4.1    3.7    2.7    1.9    1.5   0.86      0      0      0      0      0      0      0      0      0      0      0      0      0      0      0      0      0      0      0      0      0      0      0  0.074    1.4    1.9    2.3    2.6    2.7    2.4    2.4    1.6    1.5    1.3   0.93    0.5   0.86   0.92    1.2   0.38    1.3   0.94      1   0.53   0.73   0.34      0      0 
     0      0   0.48   0.79    1.2    1.1   0.89    2.4    3.6    4.2    5.2    5.2    5.1    3.9    2.8    1.8    1.4    1.7   0.31      0      0      0      0      0      0      0      0      0      0      0      0      0      0      0      0      0      0      0      0      0      0   0.38    1.6    2.2    2.6    2.8    2.9    2.8    2.8    2.4    1.5    1.3    1.4    1.6    1.5    1.6    1.8   0.68    1.5    1.5      1   0.46   0.32   0.13      0      0 
     0      1    2.4    3.1    3.1    2.5    1.7      3    3.5    4.2    5.2    5.3    5.2    4.5    2.8    1.6      2    1.7   0.35      0      0      0      0      0      0      0      0      0      0      0      0      0      0      0      0      0      0      0      0      0      0   0.55    1.7    2.2    2.6    2.9      3      3    2.9    2.6    1.4    1.2    1.5    1.8    1.5    1.6    1.8   0.71    1.4    1.5   0.78   0.26    0.1      0      0      0 
     0      1      3    3.9    4.4    3.9    2.9    3.6    2.9    4.2    4.8    5.1    4.9    4.3    2.5      2    1.8    1.3      0      0      0      0      0      0      0   0.22      0      0      0      0      0      0      0      0      0      0      0      0      0      0      0    0.6    1.6    2.1    2.5    2.9      3      3    2.9    2.6    1.9    1.1    1.3    1.7   0.81    1.2    1.2   0.52   0.82    1.1   0.26      0      0      0      0      0 
     0      1    3.5    4.5    4.9    4.4    3.9    3.2      3    2.9    3.6    5.1    4.6    4.4      4    2.4    1.2    0.1      0      0      0      0      0      0      0    0.3   0.29   0.71   0.73   0.56   0.21      0      0      0      0      0      0      0      0      0      0   0.52   0.98    1.8    2.3    2.8    2.9    2.9    2.8    2.5    1.9   0.89   0.86    1.2   0.46   0.14      0  0.018  0.054   0.33      0      0      0      0      0      0 
     0      1    3.5    4.5    4.9    4.6    4.2    3.2    2.6      2    2.9    3.5    3.9    3.9    3.6    1.6    0.3      0      0      0      0      0      0      0      0      0   0.97   0.79    1.6    1.4   0.89   0.31      0      0      0      0      0      0      0      0   0.21   0.62    1.3    1.1    1.8    2.5    2.6    2.6    2.6    2.3    1.7   0.57   0.14    0.2      0      0      0      0      0      0      0      0      0      0      0      0 
     0      1    3.7    4.5    5.1    5.2    4.8    2.9    2.7    2.6    2.6    2.8    2.6    2.1    1.7   0.24   0.26   0.11      0      0      0      0      0      0      0      0   0.51    1.2    1.6      1   0.51   0.51   0.47   0.39  0.081      0      0      0      0      0   0.24    0.4      1   0.92      1      2      2    2.2    2.2    1.9    1.3  0.075      0      0      0      0      0      0      0      0      0      0      0      0      0      0 
     0      1    4.1    4.9    4.7    4.7    4.4    3.4    2.6    2.8      2    1.9    1.7    1.2    1.6   0.96      1   0.88   0.25      0      0      0      0      0  0.027   0.18   0.71   0.37   0.67   0.78   0.82   0.83   0.78   0.68    0.4      0   0.11      0      0      0  0.074   0.31   0.23   0.53   0.62    0.9   0.95    1.6    1.5    1.2   0.49      0      0      0      0      0      0      0      0      0      0      0      0      0      0      0 
     0      1    4.2    4.3    4.4    4.4    4.2    3.3    2.4    2.7    1.8    1.5    1.3   0.97    1.7    1.1    1.2    1.1   0.39    0.2      0      0      0      0   0.18   0.29   0.92   0.56    1.3    1.5    1.6    1.6    1.4   0.85   0.59   0.15   0.34      0      0      0      0      0      0      0      0    0.4   0.53   0.52    0.2      0      0      0      0      0      0      0      0      0      0      0      0      0      0      0      0      0 
     0      1      4    4.1    4.6    4.4    4.4    3.9      3    3.2    2.2    0.7   0.56   0.96    1.5    1.1    1.2      1    0.4   0.26      0      0      0      0   0.18   0.28   0.88   0.65    1.5    1.7    1.8    1.8    1.6   0.94   0.68   0.28   0.25      0      0      0      0      0      0      0      0      0      0      0      0      0      0      0      0      0      0      0      0      0      0      0      0      0      0      0      0      0 
     0      1      4    4.4    4.6    4.4    3.5    3.2    2.3    2.5    1.7    1.4    1.2    0.7   0.79   0.85      1   0.77   0.28   0.17      0      0      0      0  0.048   0.14   0.51   0.64    1.4      2    2.2    1.9    1.6   0.94   0.68    0.3      0      0      0      0      0      0      0      0      0      0      0      0      0      0      0      0      0      0      0      0      0      0      0      0      0      0      0      0      0      0 
     0      1    3.7    4.2    4.1    3.6    4.3    3.8    3.2    2.8    2.4    2.2    1.9    0.9      0   0.32   0.56      0  0.034      0      0      0      0      0      0      0  0.084   0.54    1.2    1.7    1.8    1.8    1.4   0.85   0.58   0.21      0      0      0      0  0.018   0.21    0.3   0.29      0      0      0      0      0      0   0.23   0.49    0.5   0.25      0      0      0      0      0      0      0      0      0      0      0      0 
     0      1    2.5    3.4    3.2      4    3.9    3.6    3.3    2.8      2    2.8    2.5    1.7  0.057      0   0.21   0.24      0      0      0      0      0      0      0      0      0   0.32   0.63    1.3    1.6    1.5   0.92   0.68   0.38      0      0      0      0      0      0   0.22   0.32   0.31      0      0      0      0      0  0.065   0.76   0.97   0.98   0.78   0.11      0      0      0      0      0      0      0      0      0      0      0 
     0   0.85    1.1      2    2.9    3.4    3.8    3.5    3.1    2.3    2.7    2.8    1.8    1.3   0.47      0      0      0      0      0      0      0      0      0      0      0      0      0   0.31   0.65    0.8   0.81   0.68   0.39  0.037   0.19      0      0      0      0      0      0   0.12   0.11      0      0      0      0      0   0.28      1    1.2    1.2      1   0.33   0.17      0      0      0      0      0      0      0      0      0      0 
     0   0.77      1    1.8    2.2      3    3.4      3    2.3    2.7    2.3    2.3    2.2    2.2    1.5   0.27      0      0      0      0      0      0      0      0      0      0      0      0   0.29   0.82      1   0.94   0.32      0      0      0      0      0      0      0      0      0      0      0      0      0      0      0  0.007   0.36      1    1.2    1.2    1.7    1.1   0.86   0.44      0      0      0      0      0      0      0      0      0 
     0   0.56   0.84    1.7    2.1    2.1    2.3    1.6    1.6    2.3    2.5    2.5    2.4    2.4    1.9   0.59      0      0      0      0      0      0      0      0      0      0      0      0      0   0.32   0.62   0.53      0      0      0      0      0      0      0      0      0      0      0      0      0      0      0      0      0   0.32   0.75      1    1.5    1.6    1.2   0.96   0.48      0      0      0      0      0      0      0      0      0 
     0   0.18   0.48    1.5    1.7    1.3    1.5    1.6    1.6    2.4    2.6    2.6    2.5    2.4      2    0.6      0      0      0      0      0      0      0      0      0      0      0      0      0      0      0      0      0      0      0      0      0      0      0      0      0      0      0      0      0      0      0      0      0   0.12   0.29   0.25    0.9    1.2    1.1   0.51   0.33  0.031      0      0      0      0      0      0      0      0 
     0      0      0   0.57   0.99    1.3    1.5    1.6    1.6    2.4    2.6    2.6    2.4    2.1    1.6   0.34      0      0      0      0      0      0      0      0      0      0      0      0      0      0      0      0      0      0      0      0      0      0      0      0      0      0      0      0      0      0      0      0      0      0      0      0   0.37   0.55    0.6   0.53   0.37  0.049      0      0      0      0      0      0      0      0 
     0      0      0   0.45   0.89      1      1      1      1      1      1      1      1      1      1   0.25      0      0      0      0      0      0      0      0      0      0      0      0      0      0      0      0      0      0      0      0      0      0      0      0      0      0      0      0      0      0      0      0      0      0      0      0   0.27   0.45   0.53   0.46   0.29      0      0      0      0      0      0      0      0      0 
